cam_model: Pinhole
cam_width: 640
cam_height: 480
scale: 1.0
cam_fx: 535.108311
cam_fy: 521.3146665
cam_cx: 401.7064215
cam_cy: 270.6635084
cam_d0: 0.0
cam_d1: 0.0
cam_d2: 0.0
cam_d3: 0.0